
49,27,6D,20
,66,61,69,72,6C,79,20,70,72,6F,66,69,63,69,65,6E,74,20,69,6E,20,50,79,74,68,6F,6E,2C,20,61,6E,64,20,6D,6F,73,74,20,74,68,69,6E,67,73,20,63
,6C,6F,75,64,2E,20,41,20,6C,6F,74,20,6F,66,20,6D,79,20,77,6F,72,6B,20,65,6E,67,69,6E,65,65,72,69,6E,67,20,68,61,73,20,62,65,65,6E,20,53,52,45,20,66,6F,63,
75,73,65,64,2E,20,53,6F,6D,65,20,6F,66,20,74,68,65,20,62,69,67,67,65,72,20,74,61,73,6B,73,20,49,27,76,65,20,61,63,63,6F,6D,70,6C,69,73,68,65,64,20,61,72,65,20,73,69,
74,65,20,64,65,63,6F,6D,6D,69,73,69,6F,6E,69,6E,67,2C,20,66,75,6C,6C,20,72,65,6D,6F,76,61,6C,20,61,6E,64,20,63,6C,65,61,6E,75,70,20,6F,66,20,6B,38,73,2C,20,67,63,72,2C,20,
61,72,74,69,66,61,63,74,6F,72,79,2C,20,61,6E,64,20,73,6F,75,72,63,65,2D,63,6F,64,65,20,66,6F,72,20,61,6C,6C,20,6F,66,20,6F,75,74,20,49,6F,54,20,70,6C,61,74,66,6F,72,6D,2E,0A,
0A,49,20,63,61,6E,20,72,65,61,64,20,47,4F,20,63,6F,64,65,20,62,75,74,20,68,61,76,65,20,6E,65,76,65,72,20,77,72,69,74,74,65,6E,20,6D,75,63,68,20,6D,79,73,65,6C,66,2C,20,49,20,74,
68,69,6E,6B,20,77,65,20,73,68,6F,75,6C,64,20,6C,65,61,6E,20,69,6E,74,6F,20,6C,65,61,72,6E,69,6E,67,20,47,6F,20,69,6E,20,74,68,69,73,20,73,74,75,64,79,20,67,75,69,64,65,20,63,65
,72,74,61,69,6E,6C,79,2C,20,61,6E,64,20,69,66,20,77,65,20,63,6F,75,6C,64,20,69,6D,70,6C,65,6D,65,6E,74,20,73,6F,6D,65,20,75,73,65,66,75,6C,20,74,6F,6F,6C,73,20,77,6F,72,6B,69,6
E,67,20,69,6E,20,6B,75,62,65,72,6E,65,74,65,73,20,6F,72,20
,6F,74,68,65,72,20,69,6E,66,72,61,73,74,72,75,63,74,75,72,65,20,72,65,6C,61,74,65,64,20,70,72,6F,6A,65,63,74,73,20,74,68,61,74,27,64,20,62,65,20,67,72,65,61,74,2E,0A
